101,1
#UniqueKey Range Scan
102,1,100
102,2,10000
102,3,1000000
#
#NoneUuniqueKey Range Scan
103,1,300
103,2,32400
103,3,3283200
#
#Quantification
104,1,300
104,2,32400
104,3,3283200
105,1,300
105,2,32400
105,3,3283200
#
#Aggregation
106,1,150
106,2,13500
106,3,1296000
107,1,150
107,2,13500
107,3,1296000
108,1,150
108,2,13500
108,3,1296000
#
#Join
1012,1,300,86400
1012,2,32400,86400
1012,3,3283200,86400
2012,1,300,86400
2012,2,32400,86400
2012,3,3283200,86400
1013,1,300,86400
1013,2,32400,86400
1013,3,3283200,86400
2013,1,300,86400
2013,2,32400,86400
2013,3,3283200,86400
#
#Join plus Aggr
1014,1,300,86400
1014,2,32400,86400
1014,3,3283200,86400
2014,1,300,86400
2014,2,32400,86400
2014,3,3283200,86400
1015,1,300,86400
1015,2,32400,86400
1015,3,3283200,86400
2015,1,300,86400
2015,2,32400,86400
2015,3,3283200,86400
#
#Spatial Join
1016,1,300
1016,2,300
1016,3,300
#
#test
3000,1,50,500000
3000,2,100,500000
3000,3,150,500000
3000,4,200,500000
3000,5,250,500000
3000,6,300,500000
3000,7,350,500000
3000,8,400,500000
3000,9,450,500000
3000,10,500,500000
#
3001,1,50,500000
3001,2,100,500000
3001,3,150,500000
3001,4,200,500000
3001,5,250,500000
3001,6,300,500000
3001,7,350,500000
3001,8,400,500000
3001,9,450,500000
3001,10,500,500000
#
3002,3,150,800000
3002,4,175,500000
3002,5,200,500000
3002,6,225,500000
3002,7,250,500000
3002,8,275,500000
3002,9,300,500000
3002,10,350,500000
3002,11,0.38,57991

#
3003,1,150,500000
3003,2,175,500000
3003,3,200,500000
3003,4,225,500000
3003,5,250,500000
3003,6,275,500000
3003,7,300,500000
3003,8,325,500000
3003,9,350,500000

#

3004,1,100,500000,2
3004,2,100,500000,10
3004,3,100,500000,100
3004,4,100,500000,1000
3004,5,100,500000,2000
3004,6,100,500000,3000
3004,7,100,500000,4000


3004,8,100,500000,3000
3004,9,100,500000,3100
3004,10,100,500000,3200
3004,11,100,500000,3300
3004,12,100,500000,3400
3004,13,100,500000,3500
3004,14,100,500000,3600
3004,15,100,500000,3700
3004,16,100,500000,3800
3004,17,100,500000,3900
3004,18,100,500000,4000

#
3005,1,350,500000
3005,2,300,500000
3005,3,275,500000
3005,4,250,500000
3005,5,225,500000
3005,6,200,500000
3005,7,175,500000
3005,8,150,500000
3005,9,125,500000
3005,10,100,500000
3005,11,75,500000
3005,12,50,500000
3005,13,25,500000

#

3006,1,350,500000
3006,2,300,500000
3006,3,275,500000
3006,4,250,500000
3006,5,225,500000
3006,6,200,500000
3006,7,175,500000
3006,8,150,500000
3006,9,125,500000
3006,10,100,500000
3006,11,75,500000
3006,12,50,500000
3006,13,25,500000

# with build size, changing memory
3005,21,1,500000,4
3005,22,2,500000,4
3005,23,4,500000,4
3005,24,8,500000,4
3005,25,16,500000,4
3005,26,32,500000,4


3006,21,1,500000,4
3006,22,2,500000,4
3006,23,4,500000,4
3006,24,8,500000,4
3006,25,16,500000,4
3006,26,32,500000,4

#
3007,1

3008,1,350,500000
3008,2,300,500000
3008,3,275,500000
3008,4,250,500000
3008,5,225,500000
3008,6,200,500000
3008,7,175,500000
3008,8,150,500000
3008,9,125,500000
3008,10,100,500000
3008,11,75,500000
3008,12,50,500000
3008,13,25,500000

#

3009,1,350,500000
3009,2,300,500000
3009,3,275,500000
3009,4,250,500000
3009,5,225,500000
3009,6,200,500000
3009,7,175,500000
3009,8,150,500000
3009,9,125,500000
3009,10,100,500000
3009,11,75,500000
3009,12,50,500000
3009,13,25,500000

# with buildsize

3008,21,1,500000,7
3008,22,2,500000,7
3008,23,4,500000,7
3008,24,8,500000,7
3008,25,16,500000,7
3008,26,32,500000,7


3009,21,1,500000,7
3009,22,2,500000,7
3009,23,4,500000,7
3009,24,8,500000,7
3009,25,16,500000,7
3009,26,32,500000,7

3013,21,1,500000,7
3013,22,2,500000,7
3013,23,4,500000,7
3013,24,8,500000,7
3013,25,16,500000,7
3013,26,32,500000,7

3018,19,10,500000,205
3018,20,25,500000,205
3018,21,50,500000,205
3018,22,150,500000,205
3018,23,250,500000,205
3018,24,350,500000,205
3018,25,450,500000,205
3018,26,550,500000,205
3018,27,650,500000,205
3018,28,750,500000,205

3019,19,10,500000,205
3019,20,25,500000,205
3019,21,50,500000,205
3019,22,150,500000,205
3019,23,250,500000,205
3019,24,350,500000,205
3019,25,450,500000,205
3019,26,550,500000,205
3019,27,650,500000,205
3019,28,750,500000,205

3020,19,10,500000,205
3020,20,25,500000,205
3020,21,50,500000,205
3020,22,150,500000,205
3020,23,250,500000,205
3020,24,350,500000,205
3020,25,450,500000,205
3020,26,550,500000,205
3020,27,650,500000,205
3020,28,750,500000,205

# different #of tuples

3008,31,8,100000,4
3008,32,8,200000,4
3008,33,8,300000,4
3008,34,8,400000,4
3008,35,8,500000,4

3009,31,8,100000,4
3009,32,8,200000,4
3009,33,8,300000,4
3009,34,8,400000,4
3009,35,8,500000,4

#build size and framesize
3010,1,32,4,500000,4
3010,2,32,8,500000,4
3010,3,32,16,500000,4
3010,4,32,32,500000,4
3010,5,32,64,500000,4

3011,1,32,4,500000,4
3011,2,32,8,500000,4
3011,3,32,16,500000,4
3011,4,32,32,500000,4
3011,5,32,64,500000,4

# Unlimited memory Query id,index,degree of parallelism, join memory, #of tuples, build size
#RDT-3ay
4000,1,0,32,60297,123
4000,21,0,64,60297,123
4000,22,0,96,60297,123
4000,23,0,128,60297,123

# Unlimited memory Query id,index,degree of parallelism, join memory, #of tuples, build size
#LDT-3ay
4100,1,0,32,60297,123
4100,21,0,64,60297,123
4100,22,0,96,60297,123
4100,23,0,128,60297,123


# Unlimited memory Query id,index,degree of parallelism, join memory, #of tuples, build size
#zigzag(2)--turn right

4200,1,0,32,60297,123
4200,21,0,64,60297,123
4200,22,0,96,60297,123
4200,23,0,128,60297,123

# Unlimited memory Query id,index,degree of parallelism, join memory, #of tuples, build size
#bushy

4300,1,0,32,60297,123
4300,21,0,64,60297,123
4300,22,0,96,60297,123
4300,23,0,128,60297,123

#RDT with three break down
4400,1,128

#4000,2,1,128,60297,123
#4000,3,2,128,60297,123
#4000,4,3,128,60297,123
#4000,5,4,128,60297,123
#4000,6,5,128,60297,123
#4000,7,6,128,60297,123


#Unlimited memory Query id, index,degree of parallelism, join memory, #of tuples, build size
#RDT for 2-8 joins

5201,1,0,64,30100,61
5401,1,0,64,30100,61
5601,1,0,64,30100,61
5801,1,0,64,30100,61

#Unlimited memory Query id, index,degree of parallelism, join memory, #of tuples, build size
#LDT for 2-8 joins

5210,1,0,64,30100,61
5410,1,0,64,30100,61
5610,1,0,64,30100,61
5810,1,0,64,30100,61

#Limited memory Query id, index,degree of parallelism, join memory(KB!), #of tuples, build size
#RDT for 4 joins

5401,3,0,8,30100,62
5401,4,0,16,30100,62
5401,5,0,32,30100,62
5401,6,0,64,30100,62
5401,7,0,128,30100,62
5401,8,0,256,30100,62
5401,9,0,512,30100,62

#Limited memory Query id, index,degree of parallelism, join memory(KB!), #of tuples, build size
#RDT for 8 joins


5801,3,0,6554,30100,62
5801,4,0,16384,30100,62
5801,5,0,32768,30100,62
5801,6,0,49152,30100,62
5801,7,0,65536,30100,62

#Limited memory Query id, index,degree of parallelism, join memory, #of tuples, build size
#LDT for 4 joins

5410,3,0,16,30100,62
5410,4,0,32,30100,62
5410,5,0,64,30100,62
5410,6,0,128,30100,62
5410,7,0,256,30100,62
5410,8,0,512,30100,62
5410,9,0,1024,30100,62

#Limited memory Query id, index,degree of parallelism, join memory(KB!), #of tuples, build size
#LDT for 8 joins

5810,2,0,656,30100,62
5810,3,0,6554,30100,62
5810,4,0,16384,30100,62
5810,5,0,32768,30100,62
5810,6,0,49152,30100,62
5810,7,0,65536,30100,62

#Limited memory Query id, index,degree of parallelism, join memory(MB), #of tuples, build size
#RDT vs static vs zigzag - 5 joins

#RDT 5 join
6100,1,13,30100,62
6100,2,26,30100,62
6100,3,39,30100,62
6100,4,51,30100,62
6100,5,64,30100,62

#staticRDT 5 join 4

6200,1,64,30100,62
6201,2,64,30100,62
6202,3,64,30100,62
6203,4,64,30100,62

#RDT 10 joins, different memory
7000,1,7,30100,62
7000,2,13,30100,62
7000,3,19,30100,62
7000,4,26,30100,62
7000,5,32,30100,62
7000,6,38,30100,62
7000,7,45,30100,62
7000,8,51,30100,62
7000,9,58,30100,62
7000,10,64,30100,62


# staticRDT different breaks
7001,1,64,30100,62
7002,1,64,30100,62
7003,1,64,30100,62
7004,1,64,30100,62
7005,1,64,30100,62
7006,1,64,30100,62
7007,1,64,30100,62
7008,1,64,30100,62
7009,1,64,30100,62

#zigzag for 10 join

8000,1,30100
8001,1,30100

# 10 join, selectivity 10%

#RDT 10 joins, different memory
9000,1,7,30100,62
9000,2,13,30100,62
9000,3,19,30100,62
9000,4,26,30100,62
9000,5,32,30100,62
9000,6,38,30100,62
9000,7,45,30100,62
9000,8,51,30100,62
9000,9,58,30100,62
9000,10,64,30100,62


# staticRDT different breaks
9001,1,64,30100,62
9002,1,64,30100,62
9003,1,64,30100,62
9004,1,64,30100,62
9005,1,64,30100,62
9006,1,64,30100,62
9007,1,64,30100,62
9008,1,64,30100,62
9009,1,64,30100,62

#multiuser-RDT-unlimited
8401,1,64,30100,62

#multiuser-LDT-unlimited
8410,1,64,30100,62

#multiuser-LDT-unlimited-global
8411,1,64,30100,62

#multiuser-RDT-limited
8401,2,4,30100,62
8401,3,8,30100,62
8401,4,16,30100,62
8401,5,32,30100,62
8401,6,64,30100,62
8401,7,128,30100,62
8401,8,256,30100,62

#multiuser-LDT-limited-global--memory divided by 2
8411,2,8,30100,62
8411,3,16,30100,62
8411,4,32,30100,62
8411,5,64,30100,62
8411,6,128,30100,62
8411,7,256,30100,62
8411,8,512,30100,62

#bushy
20000,1,64,30100,62

20001,1,64,30100,62


20002,1,64,30100,62
20003,1,64,30100,62
20004,1,64,30100,62
20005,1,64,30100,62
20006,1,64,30100,62
20007,1,64,30100,62
20008,1,64,30100,62

30001,1,64,30100,62
30002,1,64,30100,62
30003,1,64,30100,62
30004,1,64,30100,62
30005,1,64,30100,62
30006,1,64,30100,62
30007,1,64,30100,62
30008,1,64,30100,62

40001,1,64,30100,62
40002,1,64,30100,62
40003,1,64,30100,62
40004,1,64,30100,62
40005,1,64,30100,62
40006,1,64,30100,62
40007,1,64,30100,62
40008,1,64,30100,62

1,1
2,1
3,1
4,1
5,1,5000000
6,1
7,1
8,1
9,1
10,1
11,1
12,1
13,1
14,1

15,1,8,724
15,2,16,724
15,3,24,724
15,4,32,724
15,5,188,724
15,6,375,724
15,7,563,724
15,8,750,724

15,9,1024,1005

16,1,8,700
16,2,16,700
16,3,24,700
16,4,32,700
16,5,188,700
16,6,375,700
16,7,563,700
16,8,750,700

50,1,8,700
51,1,16,700
52,1,32,700

50,2,16,700
51,2,32,700
52,2,64,700
53,2,32,700

50,3,24,700
51,3,48,700
52,3,96,700
54,3,96,700

50,4,32,700
51,4,64,700
52,4,128,700

50,5,188,700
51,5,375,700
52,5,750,700


50,6,375,700
51,6,750,700
53,6,750,700


50,7,563,700
51,7,1125,700
54,7,2250,700

50,8,750,700
51,8,1500,700

61,10,1435,1005
61,11,914,1005
61,12,252,1005
61,13,20,1005

61,1,1024,1005
62,1,1024,1005
63,1,1024,1005
64,1,1024,1005



61,2,512,1005
62,2,512,1005
63,2,512,1005
64,2,512,1005


61,3,256,1005
62,3,256,1005
63,3,256,1005
64,3,256,1005


61,4,128,1005
62,4,128,1005
63,4,128,1005
64,4,128,1005


61,5,64,1005
62,5,64,1005
63,5,64,1005
64,5,64,1005


61,6,32,1005
62,6,32,1005
63,6,32,1005
64,6,32,1005


72,1,1024,1005
73,1,1024,1005
74,1,1024,1005
75,1,1024,1005
76,1,1024,1005


80,1,2048,1005,2
80,2,2048,1005,3
80,3,2048,1005,4
80,4,2048,1005,5
80,5,2048,1005,6
80,6,2048,1005,7
80,7,2048,1005,8
80,8,2048,1005,9
80,9,2048,1005,10
80,10,2048,1005,11
80,11,2048,1005,12
80,12,2048,1005,13
80,13,2048,1005,14
80,14,2048,1005,15
80,15,2048,1005,16
80,16,2048,1005,17
80,17,2048,1005,18
80,18,2048,1005,19
80,19,2048,1005,20

80,20,2048,1005,20