######clear_cache
0,1
####unlimitedMemoryRDT-1GB####
1,1,1200,20,1100
2,1,1200,20,1100
3,1,1200,20,1100
4,1,1200,20,1100
5,1,1200,20,1100
6,1,1200,20,1100
7,1,1200,20,1100
8,1,1200,20,1100

####unlimitedMemoryRDT-500MB####
1,2,600,20,500
2,2,600,20,500
3,2,600,20,500
4,2,600,20,500
5,2,600,20,500
6,2,600,20,500
7,2,600,20,500
8,2,600,20,500

####unlimitedMemoryLDT-1GB####
11,1,1200,20,1100
12,1,1200,20,1100
13,1,1200,20,1100
14,1,1200,20,1100
15,1,1200,20,1100
16,1,1200,20,1100
17,1,1200,20,1100
18,1,1200,20,1100

####unlimitedMemoryLDT-500MB####
11,2,600,20,500
12,2,600,20,500
13,2,600,20,500
14,2,600,20,500
15,2,600,20,500
16,2,600,20,500
17,2,600,20,500
18,2,600,20,500



###LimitedMemoryHybridRDT####
280,1,96,20,1100
280,2,960,20,1100
280,3,1920,20,1100
280,4,2400,20,1100
280,5,4800,20,1100
280,6,7200,20,1100
280,7,9600,20,1100

###LimitedMemoryLDT####
281,1,96,20,1100
281,2,960,20,1100
281,3,1920,20,1100
281,4,2400,20,1100
#for LDT by 281,4 already everything fits in memory. Note that if you give more memory than that then int overflow happens in memBudgetInBytes of the framepool in buffer managae of hhj.

####LimitedMemoryStaticRDT####
301,1,1200,20,1100
302,1,1200,20,1100
303,1,1200,20,1100
304,1,1200,20,1100
305,1,1200,20,1100
306,1,1200,20,1100
307,1,1200,20,1100
#####NogNos-GS######
1000,1,300,20,1100
1000,2,600,20,1100
1000,3,900,20,1100
1000,4,1500,20,1100

1005,1,300,20,1100
1005,2,600,20,1100
1005,3,900,20,1100
1005,4,1500,20,1100

1025,1,300,20,1100
1025,2,600,20,1100
1025,3,900,20,1100
1025,4,1500,20,1100

1075,1,300,20,1100
1075,2,600,20,1100
1075,3,900,20,1100
1075,4,1500,20,1100

1100,1,300,20,1100
1100,2,600,20,1100
1100,3,900,20,1100
1100,4,1500,20,1100

#DATA INSERTION
#APPEND
1200,1,256
1200,2,512
1200,3,768
1200,4,1300

#FIRSTFIT
1201,1,256
1201,2,512
1201,3,768
1201,4,1300

#BESTFIT
1202,1,256
1202,2,512
1202,3,768
1202,4,1300